PROBLEM NAME: 	a280-TTP
KNAPSACK DATA TYPE: bounded strongly corr
DIMENSION:	20
NUMBER OF ITEMS: 	20
CAPACITY OF KNAPSACK: 	2594
MIN SPEED: 	0.1
MAX SPEED: 	1
RENTING RATIO: 	5.61
EDGE_WEIGHT_TYPE:	CEIL_2D
NODE_COORD_SECTION	(INDEX, X, Y): 
1	288	149
2	288	129
3	270	133
4	256	141
5	256	157
6	246	157
7	236	169
8	228	169
9	228	161
10	220	169
11	212	169
12	204	169
13	196	169
14	188	169
15	196	161
16	188	145
17	172	145
18	164	145
19	156	145
20	148	145
ITEMS SECTION	(INDEX, PROFIT, WEIGHT, ASSIGNED NODE NUMBER): 
1	101	1	2
2	202	2	3
3	404	4	4
4	202	2	5
5	996	896	6
6	1992	1792	7
7	3984	3584	8
8	467	367	9
9	934	734	10
10	1868	1468	11
11	790	690	12
12	790	690	13
13	713	613	14
14	1426	1226	15
15	2852	2452	16
16	974	874	17
17	974	874	18
18	222	122	19
19	444	244	20
20  456	356	10